901501096
1973460476
1826402029
2077092568
550945845
236450520
1249454836
1838705046
1126767485
1913591762
1236678787
708276999
1397500680
597180312
913335258
810918777
1248550231
791863565
692158150
664683811
1242028092
1977188340
1983746265
1479254855
291506652
234863090
1825225974
950685853
1811056869
1064925224
734687687
565074317
890902053
413606068
494683238
1441847898
650056588
1744138074
1133069296
1776824073
1510246189
222264435
337617424
760263221
819444747
1250952682
1571181998
2067994978
2042816248
115856500
585195141
1137360692
2093044840
421457758
469131899
237067845
656320849
146874225
1187753698
319894070
1211799450
1922441385